1 -0.0223991 -0.0158049
2 -0.018192 -0.0151436
3 -0.0150457 -0.0141998
4 -0.0125794 -0.0143454
5 -0.0117854 -0.0164355
6 -0.0135056 -0.0183788
7 -0.00818789 -0.0166114
8 -0.00258664 -0.0146037
9 -0.00266147 -0.0154333
10 0.000189181 -0.0145706
11 0.00609839 -0.0116581
12 0.0147228 -0.00747421
13 0.0234922 -0.00570581
14 0.0331235 0.00112781
15 0.0428109 0.00789264
16 0.0527415 0.00990306
17 0.059566 0.0179938
18 0.0652342 0.0254497
19 0.0685031 0.0258636
20 0.0705445 0.0330291
21 0.0714676 0.0396263
22 0.0698455 0.0390474
23 0.0661404 0.043518
24 0.0603962 0.0470265
25 0.0519919 0.0450796
26 0.0413486 0.0445436
27 0.0280672 0.0428215
28 0.0122984 0.039419
29 -0.00473814 0.0321779
30 -0.0253003 0.0233797
31 -0.0455721 0.0193544
32 -0.0664537 0.00502089
33 -0.08812 -0.00948828
34 -0.109624 -0.0137729
35 -0.127345 -0.0323222
36 -0.142553 -0.0494631
37 -0.155633 -0.0518663
38 -0.170994 -0.0734004
39 -0.177059 -0.0902255
40 -0.176744 -0.0895244
41 -0.174438 -0.104302
42 -0.169322 -0.102997
43 -0.156966 -0.112182
44 -0.138782 -0.118634
45 -0.114051 -0.113033
46 -0.0810036 -0.107105
47 -0.0444963 -0.0998112
48 -0.00395966 -0.0913009
49 0.0419097 -0.0691813
50 0.0875346 -0.0476402
51 0.138575 -0.0368904
52 0.18851 4.91797e-05
53 0.235101 0.0348514
54 0.267958 0.0400493
