1 2.24768 0 0.537196
2 3 0 0.410229
3 3 0 0.410229
4 3 0 0.437229
5 0.180438 0.0670441 0
6 0.707734 0 0.201582
7 1.18337 0 0.210684
8 1.18281 0 0.2212
9 1.16748 0 0.22824
10 1.12684 0 0.224488
11 1.08856 0 0.225482
12 1.03626 0 0.226605
13 1.01108 0 0.228563
14 0.984776 0 0.231376
15 0.955982 0 0.235988
16 0.915344 0 0.233584
17 0.880534 0 0.233503
18 0.860736 0 0.240177
19 0.83013 0 0.238178
20 0.803937 0 0.239389
21 0.779652 0 0.243439
22 0.75464 0 0.242616
23 0.730937 0 0.243743
24 0.711957 0 0.248156
25 0.686173 0 0.246702
26 0.664365 0 0.247665
27 0.647699 0 0.251842
28 0.626421 0 0.250743
29 0.606452 0 0.251608
30 0.589393 0 0.254986
31 0.570313 0 0.254211
32 0.552418 0 0.255067
33 0.537713 0 0.258314
34 0.51912 0 0.257367
35 0.503448 0 0.258294
36 0.491856 0 0.261621
37 0.476315 0 0.26076
38 -0.476668 0 0.0372842
39 0.781424 0 0.428977
40 0.738393 0 0.297573
41 0.397371 0 0.222715
42 0.427055 0 0.260676
43 0.4726 0 0.275404
44 0.437833 0 0.266794
45 0.403218 0 0.265771
46 0.387019 0 0.265528
47 0.376967 0 0.268229
48 0.364787 0 0.267651
49 0.351589 0 0.267779
50 0.341052 0 0.269745
51 0.328087 0 0.269113
52 0.316922 0 0.269398
53 0.439912 0 0.302761
54 0.723945 0 0.327386
